4.410927880195049511e+03
4.381340207878367437e+03
4.422824189298453348e+03
4.439879292273932151e+03
4.473331627576932988e+03
4.479932842296219860e+03
4.530683074647248759e+03
4.506994913041795371e+03
4.543271397898275609e+03
4.566481329091599946e+03
4.604037269733054018e+03
4.602094849579508264e+03
4.606036225298561476e+03
4.641172180205151562e+03
4.670306703562742769e+03
4.635202604015469660e+03
4.664067964045654662e+03
4.711725168587884582e+03
4.724164154187597887e+03
4.752138993475649841e+03
4.736749848593195566e+03
4.769529188620873356e+03
4.789353216014855207e+03
4.809243800184955944e+03
4.833695418519174382e+03
4.859867589320126172e+03
4.855486459387356263e+03
4.879677183825018801e+03
4.934225020246110944e+03
4.920889684373825730e+03
