4.419799369491296602e+03
4.385787712383992584e+03
4.435560210337659555e+03
4.344990483828988545e+03
4.485548845048626390e+03
4.384936855173363256e+03
4.545387814227817216e+03
4.533139740299349796e+03
4.661478304910632687e+03
4.557720704388520062e+03
4.557010310735025087e+03
4.586414915432218550e+03
4.455890219556528791e+03
4.676918165159440832e+03
4.674328787388404635e+03
4.601328862013527214e+03
4.745368184664884211e+03
4.646508708969543477e+03
4.710073840124574417e+03
4.681065840432472214e+03
4.763521008508248997e+03
4.863580118629895878e+03
4.724655819202047496e+03
4.790253074374844800e+03
4.927117873488893565e+03
4.876689888075923591e+03
4.805913110487805170e+03
4.864992591046522648e+03
4.983650328709031783e+03
4.959390876498084253e+03
