1.414062500000000000e+00
1.394531250000000000e+00
1.441406250000000000e+00
1.625000000000000000e+00
1.777343750000000000e+00
1.710937500000000000e+00
2.015625000000000000e+00
2.015625000000000000e+00
2.097656250000000000e+00
2.226562500000000000e+00
2.218750000000000000e+00
2.222656250000000000e+00
2.406250000000000000e+00
2.523437500000000000e+00
2.429687500000000000e+00
2.496093750000000000e+00
2.507812500000000000e+00
2.671875000000000000e+00
2.636718750000000000e+00
2.640625000000000000e+00
2.703125000000000000e+00
2.648437500000000000e+00
2.667968750000000000e+00
2.691406250000000000e+00
2.667968750000000000e+00
2.714843750000000000e+00
2.691406250000000000e+00
2.722656250000000000e+00
2.707031250000000000e+00
2.734375000000000000e+00
2.710937500000000000e+00
2.734375000000000000e+00
2.742187500000000000e+00
2.714843750000000000e+00
2.757812500000000000e+00
2.753906250000000000e+00
2.734375000000000000e+00
2.746093750000000000e+00
2.734375000000000000e+00
2.750000000000000000e+00
2.738281250000000000e+00
2.746093750000000000e+00
2.718750000000000000e+00
2.742187500000000000e+00
2.734375000000000000e+00
2.750000000000000000e+00
2.750000000000000000e+00
2.757812500000000000e+00
2.746093750000000000e+00
2.765625000000000000e+00
