2.085937500000000000e+00
2.312500000000000000e+00
2.523437500000000000e+00
2.417968750000000000e+00
2.484375000000000000e+00
2.496093750000000000e+00
2.507812500000000000e+00
2.593750000000000000e+00
2.593750000000000000e+00
2.492187500000000000e+00
2.558593750000000000e+00
2.562500000000000000e+00
2.648437500000000000e+00
2.574218750000000000e+00
2.687500000000000000e+00
2.652343750000000000e+00
2.644531250000000000e+00
2.625000000000000000e+00
2.648437500000000000e+00
2.660156250000000000e+00
2.695312500000000000e+00
2.726562500000000000e+00
2.687500000000000000e+00
2.667968750000000000e+00
2.691406250000000000e+00
2.679687500000000000e+00
2.695312500000000000e+00
2.699218750000000000e+00
2.687500000000000000e+00
2.695312500000000000e+00
2.734375000000000000e+00
2.738281250000000000e+00
2.695312500000000000e+00
2.746093750000000000e+00
2.757812500000000000e+00
2.699218750000000000e+00
2.707031250000000000e+00
2.722656250000000000e+00
2.761718750000000000e+00
2.710937500000000000e+00
2.738281250000000000e+00
2.714843750000000000e+00
2.734375000000000000e+00
2.753906250000000000e+00
2.730468750000000000e+00
2.757812500000000000e+00
2.738281250000000000e+00
2.746093750000000000e+00
2.753906250000000000e+00
2.722656250000000000e+00
